0.008178590774021754
0.006740924040343218
0.0046680626814741
0.003267464431916032
0.0019563303673077685
0.0013764716646132607
0.001192991950493528
0.0011239979932184472
0.0016425424057722664
0.0011233699583882832
0.0014255361894124155
0.0015874626374077921
0.0015370351073659828
0.0015850889728368344
0.001544457971160171
0.0017557731626626787
0.0013095367238522406
0.0013646009723082939
0.0013454681109458353
0.001666038362372522
0.0016800797176790127
0.0015902450638637018
0.0017366987333779856
0.0012643918265247238
0.0018334448223102273
0.0018046477243424516
0.0016471243994491493
0.001856359781754212
0.0011686753584644453
0.0013951103727474696
0.0013529393078636097
0.0016442958647514686
0.001289971852079571
0.0016514990298674972
0.0017741072287993428
0.0016390405800167998
0.0015567502047323003
0.00130242533181985
0.001330629806774927
0.0017499237810593333
0.0016558698007810666
0.0014921960961244913
0.0014164180908468218
0.0010948384253777247
0.0012858295162631122
0.0018822838174279448
0.0012439088857995066
0.0015378959642442162
0.0017014887946390398
0.0012490154663995414
