0.3080096277301266
0.25262130372431696
0.19845113078548013
0.1260941247280151
0.12901855096558423
0.13614393287275772
0.06634682611754629
0.07951942818227242
0.09440379315245988
0.08070924410179618
0.1101193110691173
0.08543455595186775
0.14330112135613204
0.12381097188687193
0.1042514806126443
0.12053972526639464
0.12211800848714618
0.08872105023883514
0.08367565510916071
0.10156286125939296
0.11723272248995889
0.10278120797306836
0.06846007035618007
0.08394351112098317
0.09852054272811245
0.0984866879134834
0.13945084353579618
0.07228024115202004
0.11011178483671749
0.1297822621665658
0.14542899490845593
0.09191205153632077
0.109828589054404
0.11139520714397294
0.10390963463106583
0.09802309597521389
0.10871950779000092
0.0493550782956063
0.11364138980125263
0.10252355807323935
0.0955505020644347
0.14093724391439116
0.08650131962418896
0.0919384802186994
0.13983106604409468
0.08335877390300286
0.08899769434126922
0.097059491531383
0.116814689642591
0.10415605014706628
